4.96
4.97
4.98
4.97
4.96
4.94
4.96
4.95
4.89
1.52
4.44
4.27
1.80
1.71
1.70
1.66
1.65
1.64
1.62
1.66
4.25
1.74
2.03
4.19
1.89
1.74
1.72
1.69
1.67
1.65
1.64
1.62
1.62
1.61
1.60
1.58
1.57
1.56
1.55
1.54
1.55
1.53
1.52
1.52
1.51
1.51
1.50
1.50
1.25
1.48
1.48
1.48
1.47
1.46
1.46
1.45
1.45
1.45
1.44
1.44
1.44
1.43
1.42
1.41
1.42
1.42
1.41
1.40
1.40
1.40
1.40
1.40
1.40
1.39
1.39
1.39
1.39
1.39
1.39
1.38
1.37
1.38
1.37
1.37
1.38
1.37
1.37
1.37
1.36
1.37
1.37
1.37
1.36
1.36
1.36
1.36
1.36
1.37
1.36
1.36
1.35
1.36
1.34
1.35
1.34
1.33
1.34
1.33
1.33
1.33
1.33
1.33
1.33
1.33
1.32
1.32
1.32
1.33
1.33
1.32
1.32
1.32
2.75
4.25
2.81
2.02
2.59
4.29
4.30
4.41
4.44
4.44
4.48
4.47
1.76
1.44
1.39
1.72
2.85
2.46
2.04
1.85
1.66
1.55
1.49
1.44
1.34
1.31
1.31
1.30
1.28
1.27
1.30
1.30
1.48
1.65
1.79
2.47
2.67
3.11
3.90
4.42
4.42
4.41
4.39
4.45
4.67
4.63
4.57
1.50
2.11
2.37
2.61
3.34
1.92
1.47
1.66
1.47
2.13
2.85
2.62
2.70
2.51
2.17
2.96
1.54
2.03
2.06
2.18
1.84
2.06
2.17
1.96
2.47
4.99
3.79
1.98
1.94
1.88
1.83
1.80
1.83
1.79
1.68
5.00
5.00
5.00
5.00
5.00
5.00
1.85
1.84
1.80
4.99
1.55
1.55
1.53
1.52
1.50
1.49
1.48
1.47
1.46
1.46
1.45
1.44
1.43
1.43
1.42
1.41
1.41
1.41
1.40
1.40
1.39
1.39
1.39
1.38
1.38
1.38
1.37
1.38
1.37
1.37
1.37
1.37
1.36
1.36
1.36
1.36
1.35
1.35
1.35
1.35
1.34
1.34
1.35
1.33
1.34
1.34
1.34
1.33
1.35
1.34
1.34
1.34
1.33
1.33
1.32
1.33
1.32
1.33
1.33
1.33
1.33
1.33
1.33
1.34
1.33
1.33
1.33
1.33
1.31
1.31
1.49
1.50
1.43
1.33
1.33
1.33
1.33
1.32
1.39
1.39
1.38
1.38
1.37
1.36
1.37
1.36
1.36
1.37
1.37
1.37
1.36
1.36
1.35
1.35
1.34
1.35
1.34
1.34
1.34
1.33
1.34
1.33
1.33
1.33
1.33
1.33
1.32
1.32
1.32
1.32
1.32
1.30
1.31
1.32
1.32
1.32
1.32
1.32
1.32
1.31
1.31
1.32
1.31
1.31
1.31
1.31
1.31
1.31
1.31
1.31
1.31
1.31
1.30
1.31
1.30
1.30
1.31
1.30
1.29
1.30
1.30
1.30
1.30
1.30
1.27
1.28
1.25
1.23
1.22
1.21
1.20
1.24
1.31
1.36
1.35
1.37
1.35
1.35
1.40
1.39
1.37
1.35
1.34
1.33
1.32
1.31
1.30
1.30
1.29
1.29
1.28
1.28
1.28
1.27
1.26
1.26
1.25
1.25
1.25
1.25
1.29
1.29
1.28
1.28
1.27
1.27
1.27
1.26
1.26
1.25
1.25
1.25
1.24
1.24
1.24
1.23
1.23
1.23
1.23
1.23
1.23
4.37
4.35
5.00
5.00
5.00
5.00
5.00
5.00
5.00
5.00
4.57
2.60
2.55
2.54
2.55
2.53
2.53
2.56
2.57
3.94
3.92
2.67
2.74
2.60
2.27
2.28
2.29
2.28
2.29
2.29
2.32
3.56
3.60
3.60
3.60
3.61
2.35
2.83
2.82
2.83
2.83
2.83
2.83
2.82
2.81
2.83
2.83
2.28
2.62
2.62
2.38
2.44
2.91
2.91
2.89
2.95
2.70
3.62
3.64
2.42
2.27
2.48
2.43
2.58
2.38
2.54
2.53
2.58
3.01
2.40
2.59
2.81
2.85
2.65
2.63
2.62
2.63
2.62
2.63
2.65
2.66
2.57
2.69
2.59
2.68
2.67
2.59
0.96
1.36
1.26
0.50
0.20
0.11
0.06
0.07
0.07
0.06
0.06
0.07
0.18
0.11
0.14
0.19
0.29
0.41
0.47
0.57
0.76
0.93
1.18
1.33
1.47
2.57
2.58
2.63
2.63
2.71
2.67
2.68
2.67
2.65
2.70
2.62
2.92
3.60
3.65
3.70
3.77
3.83
3.89
3.97
4.02
4.09
