4.93
4.96
4.96
4.95
4.96
4.96
4.96
4.96
4.96
4.96
4.96
4.96
4.96
4.95
4.96
4.96
4.96
4.95
4.96
4.95
4.96
4.96
4.96
4.95
4.96
4.95
4.96
4.96
4.96
4.96
4.96
4.96
4.96
4.96
4.96
4.96
4.96
4.95
4.96
4.96
4.95
4.95
4.96
4.95
4.96
4.95
4.96
4.95
4.95
4.96
4.96
4.96
4.96
4.96
4.96
4.96
4.96
4.96
4.95
4.96
4.96
4.96
4.96
4.96
4.96
4.96
4.96
4.96
4.96
4.96
4.96
4.96
4.96
4.96
4.96
4.96
4.96
4.96
4.96
4.96
4.96
4.96
4.96
4.96
4.96
4.96
4.96
4.94
4.93
4.93
4.93
4.92
4.91
4.89
4.87
4.86
4.84
4.84
4.83
4.83
4.83
4.81
4.81
4.43
4.44
4.45
4.43
4.43
4.43
4.41
4.39
4.42
4.41
3.33
3.30
3.42
3.07
3.22
3.15
3.17
3.24
3.27
3.32
3.25
2.99
3.05
3.08
3.06
2.74
2.79
2.88
2.87
2.73
2.76
2.70
2.69
2.70
2.67
2.64
2.61
2.56
2.54
2.52
2.47
2.43
2.37
2.20
2.17
2.19
2.17
2.16
2.10
2.06
2.03
2.01
1.99
1.94
1.92
1.90
1.88
1.85
1.82
1.80
1.77
1.73
1.69
1.68
1.68
1.68
1.66
1.66
1.65
1.64
1.62
1.60
1.59
1.58
1.57
1.56
1.51
1.51
1.50
1.50
1.49
1.48
1.47
1.46
1.45
1.45
1.45
1.44
1.43
1.43
1.43
1.42
1.42
1.41
1.40
1.38
1.39
1.38
1.37
1.36
1.36
1.32
1.32
1.30
1.29
1.28
1.26
1.24
1.23
1.21
1.20
1.19
1.19
1.19
1.20
1.20
1.20
1.20
1.21
1.21
1.21
1.22
1.22
1.21
1.21
1.21
1.21
1.21
1.21
1.21
1.22
1.22
1.22
1.22
1.22
1.22
1.23
1.23
1.23
1.23
1.22
1.23
1.23
1.23
1.23
1.23
1.23
1.23
1.23
1.23
1.23
1.24
1.24
1.24
1.24
1.23
1.23
1.24
1.24
1.24
1.25
1.23
1.24
1.25
1.27
1.24
1.27
1.27
1.26
1.25
1.27
1.25
1.28
1.29
1.29
1.29
1.29
1.29
1.29
1.30
1.30
1.30
1.30
1.30
1.30
1.30
1.30
1.30
1.30
1.30
1.30
1.30
1.30
1.31
1.31
1.30
1.31
1.31
1.31
1.31
1.31
1.31
1.31
1.31
1.31
1.31
1.31
1.31
1.31
1.31
1.31
1.32
1.32
1.32
1.32
1.32
1.32
1.32
1.32
1.32
1.32
1.32
1.32
1.32
1.32
1.32
1.32
1.32
1.32
1.32
1.32
1.32
1.32
1.32
1.32
1.32
1.32
1.32
1.33
1.33
1.32
1.33
1.33
1.33
1.33
1.32
1.30
1.32
1.32
1.32
1.32
1.33
1.33
1.33
1.32
1.32
1.32
1.30
1.31
1.28
1.29
1.28
1.26
1.27
1.28
1.27
1.27
1.28
1.28
1.27
1.25
1.25
1.25
1.23
1.26
1.29
1.30
1.31
1.33
1.34
1.35
1.36
1.37
1.38
1.39
1.40
1.42
1.43
1.44
1.45
1.45
1.46
1.46
1.46
1.47
1.47
1.47
1.47
1.47
1.48
1.48
1.48
1.48
1.48
1.48
1.48
1.48
1.48
1.48
1.48
1.48
1.48
1.48
1.48
1.48
1.48
1.25
1.25
1.25
1.25
1.25
1.25
1.25
1.25
1.25
1.25
1.25
1.25
1.25
1.49
1.25
1.49
1.49
1.49
1.49
1.25
1.25
1.25
1.25
1.49
1.49
1.49
1.49
1.49
1.49
1.49
1.49
1.49
1.49
1.49
1.49
1.49
1.50
1.49
1.49
1.49
1.50
1.50
1.49
1.49
1.50
1.49
1.50
1.49
1.50
1.50
1.50
1.50
1.50
1.50
1.50
1.50
1.50
1.50
1.44
1.46
1.46
1.47
1.48
1.25
1.25
1.25
1.25
1.25
1.49
1.49
1.49
1.49
1.49
1.49
1.49
1.49
1.50
1.49
1.50
1.50
1.50
1.50
1.50
1.50
1.50
1.50
1.50
1.50
1.50
1.50
1.50
1.50
1.50
1.50
1.50
1.50
1.50
1.51
1.50
1.50
1.50
1.50
1.50
1.51
1.50
1.50
1.50
1.50
1.50
1.51
1.51
1.51
1.51
1.51
1.51
1.51
1.51
1.51
1.51
1.51
1.51
1.51
1.51
1.05
1.04
1.08
1.09
1.07
1.10
1.15
1.16
1.17
1.18
1.02
1.02
1.03
1.02
1.03
1.05
1.06
1.06
1.07
1.08
1.08
1.09
1.09
1.09
1.09
1.09
1.10
1.10
1.11
1.11
1.11
1.11
1.12
1.12
1.12
1.12
1.12
1.12
1.13
1.13
1.13
1.13
1.13
1.13
1.14
1.14
1.14
1.14
1.14
1.15
1.14
1.15
1.15
1.15
1.15
1.15
1.16
1.16
1.16
1.16
1.16
1.16
1.16
1.17
1.17
1.17
1.17
1.17
1.17
1.17
1.17
1.17
1.17
1.18
1.18
1.18
1.18
1.18
1.18
1.18
1.18
1.18
1.19
1.19
1.19
1.19
1.19
1.19
1.19
1.19
1.19
1.19
1.19
1.19
1.20
1.19
1.20
1.20
1.20
1.20
1.20
1.20
1.20
1.20
1.20
1.20
1.20
1.20
1.20
1.20
1.21
1.21
1.20
1.21
1.21
1.21
1.21
1.21
1.21
1.21
1.21
1.21
1.21
1.21
1.21
1.21
1.21
1.21
1.17
1.16
1.15
1.14
1.15
1.15
1.15
1.15
1.15
1.15
1.16
1.16
1.17
1.18
1.18
1.19
1.19
1.20
1.20
1.20
1.21
1.21
1.21
1.21
1.21
1.21
1.21
1.21
1.21
1.21
1.21
1.21
1.21
1.22
1.21
1.21
1.22
1.22
1.22
1.22
1.22
1.22
1.22
1.22
1.22
1.22
1.22
1.22
1.22
1.22
1.22
1.22
1.23
1.23
1.23
1.23
1.23
1.23
1.23
1.23
1.23
1.23
1.23
1.23
1.23
1.23
1.23
1.23
1.23
1.23
1.23
1.23
1.23
1.23
1.23
1.24
1.23
1.24
1.24
1.23
1.24
1.24
1.24
1.24
1.24
1.24
1.24
1.24
1.24
1.24
1.24
1.24
1.24
1.24
1.24
1.24
1.24
1.24
1.24
1.24
1.25
1.24
1.25
1.25
1.25
1.25
1.25
1.25
1.25
1.25
1.25
1.25
1.25
1.25
1.25
1.25
1.25
1.25
1.25
1.25
1.25
1.25
1.25
1.25
1.25
1.25
1.25
1.25
1.25
1.25
1.25
1.25
1.25
1.25
1.25
1.25
1.25
1.25
1.25
1.26
1.25
1.26
1.26
1.05
0.72
0.38
0.38
0.38
0.38
0.38
0.38
0.38
0.38
0.38
0.38
0.37
0.37
0.37
0.38
0.37
0.37
0.37
0.37
0.37
0.37
0.37
0.37
0.37
0.37
0.37
0.37
0.37
0.37
0.37
0.37
0.37
0.37
0.37
0.37
0.37
0.37
0.37
0.37
0.37
0.37
0.37
0.37
0.37
0.37
0.37
